"Dato for upload";"ISO-uge";"Forventet antal dødsfald";"Forventet antal dødsfald - 2 z-score";"Forventet antal dødsfald + 2 z-score";"Korr. registreret antal dødsfald";"Overdødelighed";"Z-score"
2022-03-15;"2016-W01";1073.624;990.763764039716;1158.67346081531;1132;58.37637;1.378189
2022-03-15;"2016-W02";1076.974;993.650596150536;1162.50443543687;1105;28.02606;0.6609895
2022-03-15;"2016-W03";1079.441;995.828081491442;1165.27130712851;1090;10.55861;0.2488304
2022-03-15;"2016-W04";1080.982;997.273171914999;1166.91012111436;1151;70.01753;1.633493
2022-03-15;"2016-W05";1081.569;997.953242578407;1167.39781501741;1123;41.43075;0.9717918
2022-03-15;"2016-W06";1081.19;997.850892724926;1166.72813561759;1083;1.80991;0.04285458
2022-03-15;"2016-W07";1079.85;996.970821451583;1164.90644369172;1101;21.1501;0.5020779
2022-03-15;"2016-W08";1077.57;995.302079863034;1161.9874158178;1170;92.42997;2.187271
2022-03-15;"2016-W09";1074.388;992.862777738229;1158.02998261684;1182;107.6123;2.564179
2022-03-15;"2016-W10";1070.355;989.672255765393;1153.1184209663;1193;122.6447;2.946577
2022-03-15;"2016-W11";1065.539;985.766056361021;1147.35477948943;1200;134.4611;3.261783
2022-03-15;"2016-W12";1060.017;981.184932331264;1140.85403587863;1117;56.98316;1.414885
2022-03-15;"2016-W13";1053.878;975.98223816695;1133.74246981734;1120;66.12188;1.659287
2022-03-15;"2016-W14";1047.22;970.222266424802;1126.15327260021;1061;13.77966;0.3526827
2022-03-15;"2016-W15";1040.148;963.986411559808;1118.21598735253;1102;61.85226;1.5885
2022-03-15;"2016-W16";1032.769;957.35086353719;1110.06972278539;1042;9.230868;0.2413944
2022-03-15;"2016-W17";1025.196;950.417501563561;1101.83890234559;1013;-12.19591;-0.3227833
2022-03-15;"2016-W18";1017.54;943.286204402074;1093.6459806785;1082;64.45992;1.697035
2022-03-15;"2016-W19";1009.912;936.064977955047;1085.60490413588;1067;57.08753;1.51284
2022-03-15;"2016-W20";1002.421;928.869794277802;1077.81717799945;975;-27.42105;-0.7397174
2022-03-15;"2016-W21";1003.57;931.054925500538;1077.87566649111;1027;23.42974;0.635808
2022-03-15;"2016-W22";996.3853;924.032684811376;1070.53357565699;1002;5.614727;0.1531425
2022-03-15;"2016-W23";989.5614;917.293855116659;1063.63300531406;961;-28.56142;-0.7844156
2022-03-15;"2016-W24";983.1886;910.951407297753;1057.24030779364;964;-19.18865;-0.5263445
2022-03-15;"2016-W25";977.3491;905.107339087709;1051.41673704144;1029;51.65087;1.399801
2022-03-15;"2016-W26";972.1165;899.854926574608;1046.21505867241;949;-23.11653;-0.6342345
2022-03-15;"2016-W27";967.5556;895.273411339147;1041.68473127197;965;-2.555556;-0.0698431
2022-03-15;"2016-W28";963.7215;891.43453104745;1037.86320475348;943;-20.72148;-0.5680377
2022-03-15;"2016-W29";960.6599;888.388942608499;1034.79082764657;1012;51.34007;1.390361
2022-03-15;"2016-W30";958.4067;886.177935498743;1032.49771960348;1010;51.59333;1.397914
2022-03-15;"2016-W31";956.9875;884.8260577104;1031.0105115875;949;-7.987453;-0.218841
2022-03-15;"2016-W32";956.418;884.345700388152;1030.34834616469;990;33.582;0.9146376
2022-03-15;"2016-W33";956.7039;884.732951113786;1030.52703477109;956;-0.7039077;-0.01931246
2022-03-15;"2016-W34";957.8407;885.968603168318;1031.55757929977;1015;57.15932;1.555044
2022-03-15;"2016-W35";959.8137;888.024290374199;1033.43970878243;957;-2.813707;-0.0774272
2022-03-15;"2016-W36";962.5983;890.855678708551;1036.16964836753;999;36.40166;0.9956985
2022-03-15;"2016-W37";966.1599;894.408466571467;1039.73359413869;973;6.840065;0.1880291
2022-03-15;"2016-W38";970.454;898.618491126661;1044.10780356912;931;-39.45401;-1.092098
2022-03-15;"2016-W39";975.4264;903.41117736379;1049.25958584763;1021;45.57358;1.240225
2022-03-15;"2016-W40";997.6471;922.438433613108;1074.79545040337;955;-42.64715;-1.127673
2022-03-15;"2016-W41";1004.659;929.099817291739;1082.16220167709;1079;74.34096;1.919353
2022-03-15;"2016-W42";1012.114;936.081944208236;1090.09992396684;1091;78.88592;2.022799
2022-03-15;"2016-W43";1019.912;943.281489095249;1098.51209209683;1042;22.08795;0.5670704
2022-03-15;"2016-W44";1027.946;950.596786999781;1107.28630808207;1051;23.05436;0.5862856
2022-03-15;"2016-W45";1036.102;957.921542685907;1116.30071658532;1071;34.89842;0.8764085
2022-03-15;"2016-W46";1044.262;965.156499801421;1125.41787322615;1089;44.73787;1.10868
2022-03-15;"2016-W47";1052.307;972.210287258117;1134.48999085296;1078;25.6933;0.6306826
2022-03-15;"2016-W48";1060.114;978.992208054067;1143.36036098325;1064;3.886329;0.09449999
2022-03-15;"2016-W49";1067.562;985.396458522279;1151.89227074151;1093;25.43756;0.6086682
2022-03-15;"2016-W50";1074.536;991.36860759863;1159.907179702;1119;44.46443;1.048017
2022-03-15;"2016-W51";1080.921;996.816821445289;1167.26590731861;1114;33.07897;0.7722833
2022-03-15;"2016-W52";1086.614;1001.67703456849;1173.82460722319;1197;110.3855;2.523047
2022-03-15;"2017-W01";1091.521;1005.8867680642;1179.45620354698;1168;76.47863;1.742329
2022-03-15;"2017-W02";1095.559;1009.39003597438;1184.04933981314;1160;64.44077;1.461536
2022-03-15;"2017-W03";1098.659;1012.138058063;1187.51379951039;1142;43.34063;0.982025
2022-03-15;"2017-W04";1100.769;1014.09495404149;1189.78067122667;1144;43.23142;0.9778322
2022-03-15;"2017-W05";1101.85;1015.22274453578;1190.80996657815;1268;166.1496;3.695319
2022-03-15;"2017-W06";1101.886;1015.50666454214;1190.5844488734;1158;56.11409;1.271245
2022-03-15;"2017-W07";1100.874;1014.93068099524;1189.11492308187;1281;180.1256;4.030675
2022-03-15;"2017-W08";1098.833;1013.49606806768;1186.43910537868;1206;107.1667;2.439749
2022-03-15;"2017-W09";1095.798;1011.21248791609;1182.61869817693;1224;128.2024;2.935942
2022-03-15;"2017-W10";1091.819;1008.09716878944;1177.73818437582;1149;57.18078;1.33663
2022-03-15;"2017-W11";1086.966;1004.18730422801;1171.90200669319;1177;90.03446;2.118477
2022-03-15;"2017-W12";1081.318;999.522056136868;1165.2309512141;1173;91.68196;2.182698
2022-03-15;"2017-W13";1074.97;994.15277822178;1157.86573045512;1078;3.029694;0.07398933
2022-03-15;"2017-W14";1068.026;988.171593389769;1149.92257870343;1013;-55.02595;-1.372573
2022-03-15;"2017-W15";1060.596;981.635329665846;1141.567145203;1042;-18.59646;-0.4664189
2022-03-15;"2017-W16";1052.799;974.639123841155;1132.94321953714;1003;-49.7989;-1.268314
2022-03-15;"2017-W17";1044.754;967.288779773799;1124.18339262386;1017;-27.75368;-0.7106794
2022-03-15;"2017-W18";1036.582;959.693930547217;1115.42035712705;1089;52.4176;1.335173
2022-03-15;"2017-W19";1028.406;951.974301417971;1106.78032571622;1048;19.59421;0.504638
2022-03-15;"2017-W20";1020.342;944.246737597044;1098.37822165343;1057;36.65812;0.9456362
2022-03-15;"2017-W21";1027.603;951.384468207066;1105.75474471243;1005;-22.603;-0.5877896
2022-03-15;"2017-W22";1021.276;945.198754992783;1099.29145162106;1005;-16.27573;-0.4235845
2022-03-15;"2017-W23";1015.298;939.285208870412;1093.2573681751;1021;5.702441;0.1479766
2022-03-15;"2017-W24";1009.75;933.725714785071;1087.73244499579;1065;55.24985;1.422071
2022-03-15;"2017-W25";1004.708;928.637978426385;1082.74867460357;1023;18.29199;0.4732949
2022-03-15;"2017-W26";1000.238;924.102363018951;1078.35679917412;983;-17.23787;-0.4482462
2022-03-15;"2017-W27";996.3981;920.197416079862;1074.59324751675;947;-49.3981;-1.290449
2022-03-15;"2017-W28";993.2384;916.986765580201;1071.49373031098;991;-2.238407;-0.05796478
2022-03-15;"2017-W29";990.7994;914.52195889184;1069.08698375841;984;-6.799431;-0.1761442
2022-03-15;"2017-W30";989.1126;912.840206037362;1067.39838902922;970;-19.11259;-0.496189
2022-03-15;"2017-W31";988.1999;911.965535900047;1066.44753316948;970;-18.19993;-0.4726547
2022-03-15;"2017-W32";988.074;911.863554142151;1066.29669783769;988;-0.07395805;-0.001916494
2022-03-15;"2017-W33";988.7377;912.656800648194;1066.82253893857;952;-36.73769;-0.9590946
2022-03-15;"2017-W34";990.1845;914.197769991392;1068.16714301244;1001;10.81546;0.2804375
2022-03-15;"2017-W35";992.3984;916.497505655383;1070.28607512445;986;-6.398419;-0.1665815
2022-03-15;"2017-W36";995.3537;919.509412994164;1073.17571455079;961;-34.35374;-0.8993668
2022-03-15;"2017-W37";999.0155;923.177698624519;1076.82324161791;1038;38.98445;1.008321
2022-03-15;"2017-W38";1003.34;927.438659324942;1081.20589322664;1014;10.66029;0.2767834
2022-03-15;"2017-W39";1008.273;932.208253130493;1086.30096850202;1013;4.726877;0.1225964
2022-03-15;"2017-W40";1016.937;941.775859550131;1093.99762611013;1031;14.06309;0.368655
2022-03-15;"2017-W41";1022.693;947.256595782951;1100.03195951015;1045;22.30725;0.581884
2022-03-15;"2017-W42";1028.844;953.012545234277;1106.58645628203;1020;-8.844089;-0.2306591
2022-03-15;"2017-W43";1035.309;958.958969911723;1113.58418868072;993;-42.30949;-1.101971
2022-03-15;"2017-W44";1042.002;965.009449065729;1120.93977248255;1025;-17.00165;-0.4372929
2022-03-15;"2017-W45";1048.828;971.085498533831;1128.54105942733;1003;-45.82834;-1.172739
2022-03-15;"2017-W46";1055.694;977.103545202579;1136.28536573659;1137;81.30641;2.017519
2022-03-15;"2017-W47";1062.499;982.987891717068;1144.04533912143;1065;2.501013;0.06208353
2022-03-15;"2017-W48";1069.145;988.667575237496;1151.69478911966;1086;16.85487;0.4124271
2022-03-15;"2017-W49";1075.533;994.078021018239;1159.09873351066;1122;46.46682;1.118251
2022-03-15;"2017-W50";1081.567;999.156989937603;1166.1258503776;1156;74.43344;1.763113
2022-03-15;"2017-W51";1087.153;1003.84504320793;1172.64593627479;1110;22.84734;0.5394562
2022-03-15;"2017-W52";1092.205;1008.08850615487;1178.53909344205;1192;99.79541;2.307362
2022-03-15;"2018-W01";1096.643;1011.84063610867;1183.69040525135;1186;89.35712;2.052384
2022-03-15;"2018-W02";1100.397;1015.05731427896;1188.00269276575;1182;81.60288;1.864567
2022-03-15;"2018-W03";1103.407;1017.69948721972;1191.3939600432;1214;110.5926;2.505799
2022-03-15;"2018-W04";1105.626;1019.73502584771;1193.80160414099;1158;52.37418;1.194095
2022-03-15;"2018-W05";1107.017;1021.13164309791;1195.18373392384;1211;103.9829;2.353499
2022-03-15;"2018-W06";1107.56;1021.86988390601;1195.51984510168;1238;130.4401;2.948242
2022-03-15;"2018-W07";1107.247;1021.93195060726;1194.81233360839;1337;229.753;5.146611
2022-03-15;"2018-W08";1106.086;1021.3098858712;1193.08606717917;1307;200.9144;4.546714
2022-03-15;"2018-W09";1104.097;1020.00002823476;1190.38600405226;1373;268.9032;6.08022
2022-03-15;"2018-W10";1101.316;1018.01000704321;1186.77801116707;1396;294.6841;6.70428
2022-03-15;"2018-W11";1097.791;1015.35487021067;1182.34472139554;1306;208.2093;4.841157
2022-03-15;"2018-W12";1093.581;1012.05786127632;1177.18265262013;1333;239.4188;5.605789
2022-03-15;"2018-W13";1088.758;1008.15555928061;1171.40089701221;1233;144.2424;3.460229
2022-03-15;"2018-W14";1083.399;1003.68910247831;1165.11395804776;1206;122.6005;2.983071
2022-03-15;"2018-W15";1077.594;998.718971810468;1158.44261730764;1218;140.4063;3.443627
2022-03-15;"2018-W16";1071.433;993.307266655492;1151.50594413096;1105;33.5669;0.8442739
2022-03-15;"2018-W17";1065.014;987.535000882755;1144.4195323556;1051;-14.01423;-0.3580596
2022-03-15;"2018-W18";1058.436;981.483122633123;1137.30111557159;1065;6.563896;0.1683137
2022-03-15;"2018-W19";1051.798;975.25176767203;1130.24830419314;1064;12.20168;0.31426
2022-03-15;"2018-W20";1045.2;968.950241018913;1123.35115585702;1052;6.800486;0.1759565
2022-03-15;"2018-W21";1051.124;975.446618399266;1128.66315014395;1002;-49.12398;-1.292548
2022-03-15;"2018-W22";1044.854;969.323128502462;1122.25076107398;1038;-6.854298;-0.1794531
2022-03-15;"2018-W23";1038.86;963.381405311722;1116.21289793466;1063;24.13976;0.6293219
2022-03-15;"2018-W24";1033.227;957.739972614078;1110.59924160492;1006;-27.2268;-0.7155661
2022-03-15;"2018-W25";1028.033;952.494490276359;1105.46911747497;1003;-25.03262;-0.6571843
2022-03-15;"2018-W26";1023.349;947.740430915687;1100.86767569647;970;-53.34925;-1.405838
2022-03-15;"2018-W27";1019.241;943.560049242204;1096.84368233393;1062;42.75949;1.108038
2022-03-15;"2018-W28";1015.762;940.020673800917;1093.43493379954;1015;-0.7619892;-0.01986816
2022-03-15;"2018-W29";1012.961;937.18929278783;1090.6713735673;1040;27.03936;0.7015086
2022-03-15;"2018-W30";1010.874;935.101479667284;1088.58933847982;1147;136.1255;3.471969
2022-03-15;"2018-W31";1009.532;933.794777829694;1087.21285574238;1128;118.4675;3.030978
2022-03-15;"2018-W32";1008.954;933.284076821806;1086.56519915162;1082;73.04588;1.883705
2022-03-15;"2018-W33";1009.15;933.571894826052;1086.66422385213;1058;48.85029;1.266137
2022-03-15;"2018-W34";1010.12;934.644736996383;1087.52414241494;1026;15.88002;0.4143658
2022-03-15;"2018-W35";1011.856;936.480535565989;1089.15179026821;991;-20.85624;-0.5482657
2022-03-15;"2018-W36";1014.34;939.033475874932;1091.55847399029;1019;4.65963;0.1221033
2022-03-15;"2018-W37";1017.545;942.275349278766;1094.71852907839;988;-29.5449;-0.7789595
2022-03-15;"2018-W38";1021.433;946.127481228924;1098.63679140208;1041;19.56685;0.5115239
2022-03-15;"2018-W39";1025.959;950.530726628684;1103.2831992906;973;-52.9594;-1.398862
2022-03-15;"2018-W40";1033.118;959.253801064762;1108.78641356606;1092;58.88204;1.560348
2022-03-15;"2018-W41";1038.243;964.157095842867;1114.13491673742;1045;6.756746;0.180001
2022-03-15;"2018-W42";1043.775;969.356244910876;1120.00633583652;1005;-38.77468;-1.03592
2022-03-15;"2018-W43";1049.641;974.765982929229;1126.34066101891;1024;-25.64092;-0.6793762
2022-03-15;"2018-W44";1055.765;980.314295817852;1133.05785293943;1063;7.235151;0.1892338
2022-03-15;"2018-W45";1062.064;985.922905717081;1140.070132994;1045;-17.06438;-0.4439484
2022-03-15;"2018-W46";1068.453;991.521782328052;1147.27698893626;1001;-67.45348;-1.750868
2022-03-15;"2018-W47";1074.843;997.045835477228;1154.56453737212;1056;-18.84325;-0.4798569
2022-03-15;"2018-W48";1081.143;1002.42807567344;1161.81678610527;1055;-26.14324;-0.6586882
2022-03-15;"2018-W49";1087.263;1007.60979937888;1168.91107122627;1139;51.73725;1.272895
2022-03-15;"2018-W50";1093.112;1012.52646790669;1175.72878365089;1097;3.887678;0.09522653
2022-03-15;"2018-W51";1098.605;1017.14686287748;1182.12855298439;1172;73.39473;1.760039
2022-03-15;"2018-W52";1103.659;1021.40222156708;1188.01253547944;1071;-32.65919;-0.7879167
2022-03-15;"2019-W01";1108.198;1025.25180117704;1193.26775785256;1189;80.80244;1.900822
2022-03-15;"2019-W02";1112.151;1028.65135736369;1197.79516261034;1205;92.84884;2.166038
2022-03-15;"2019-W03";1115.46;1031.5660145944;1201.5124878589;1179;63.54048;1.48152
2022-03-15;"2019-W04";1118.072;1033.95412765168;1204.35486031576;1135;16.92782;0.3963305
2022-03-15;"2019-W05";1119.95;1035.79144525548;1206.27193408;1264;144.0503;3.310905
2022-03-15;"2019-W06";1121.065;1037.04582013881;1207.23810199995;1312;190.9354;4.368445
2022-03-15;"2019-W07";1121.402;1037.69616835397;1207.24484497488;1246;124.5981;2.887307
2022-03-15;"2019-W08";1120.959;1037.72535979432;1206.30615108661;1165;44.0405;1.038148
2022-03-15;"2019-W09";1119.748;1037.12666961438;1204.45376495312;1137;17.25187;0.4113194
2022-03-15;"2019-W10";1117.791;1035.8960342828;1201.73711566388;1105;-12.79126;-0.3090721
2022-03-15;"2019-W11";1115.124;1034.02965857805;1198.23400282877;1129;13.87551;0.3372868
2022-03-15;"2019-W12";1111.795;1031.55528456637;1194.01363659606;1082;-29.79482;-0.7368468
2022-03-15;"2019-W13";1107.86;1028.48443183463;1189.17861078915;1072;-35.85961;-0.8974259
2022-03-15;"2019-W14";1103.385;1024.85186070604;1183.82754977205;1132;28.61455;0.7168387
2022-03-15;"2019-W15";1098.447;1020.70445265097;1178.06885185509;1063;-35.44674;-0.9058477
2022-03-15;"2019-W16";1093.124;1016.111267707;1171.98968571503;1092;-1.124274;-0.02884522
2022-03-15;"2019-W17";1087.504;1011.08286524351;1165.75904131558;1065;-22.50371;-0.5839353
2022-03-15;"2019-W18";1081.674;1005.75209786058;1159.41562854846;1088;6.325987;0.164496
2022-03-15;"2019-W19";1075.726;1000.18337880683;1153.08019587612;1069;-6.725908;-0.1761292
2022-03-15;"2019-W20";1069.75;994.472738861891;1146.83627290371;1006;-63.75042;-1.690549
2022-03-15;"2019-W21";1067.561;996.011400022366;1140.74629366574;1024;-43.56064;-1.21212
2022-03-15;"2019-W22";1061.937;990.506612137562;1135.00641016414;1032;-29.93697;-0.8325789
2022-03-15;"2019-W23";1056.546;985.169728042289;1129.56733236408;1055;-1.546443;-0.04283294
2022-03-15;"2019-W24";1051.467;980.040241766499;1124.54932386353;1024;-27.46703;-0.7635667
2022-03-15;"2019-W25";1046.771;975.270973180533;1119.93765457242;1087;40.22875;1.105219
2022-03-15;"2019-W26";1042.525;970.929762557375;1115.79833266202;1062;19.47457;0.5360204
2022-03-15;"2019-W27";1038.789;967.099282532084;1112.16749828366;981;-57.78909;-1.608436
2022-03-15;"2019-W28";1035.614;963.842714938296;1109.0832752689;1000;-35.61437;-0.9864474
2022-03-15;"2019-W29";1033.046;961.194394048767;1106.60378066416;1032;-1.045652;-0.02877615
2022-03-15;"2019-W30";1031.119;959.275539979239;1104.67150983339;1029;-2.119192;-0.05831059
2022-03-15;"2019-W31";1029.863;958.028059654654;1103.40871526994;1010;-19.86291;-0.5482315
2022-03-15;"2019-W32";1029.296;957.512458100865;1102.78880361908;990;-39.29617;-1.088869
2022-03-15;"2019-W33";1029.43;957.725726229025;1102.83948848454;976;-53.42969;-1.485682
2022-03-15;"2019-W34";1030.265;958.657660880849;1103.5714773766;1047;16.73455;0.4606459
2022-03-15;"2019-W35";1031.797;960.297319997929;1104.98807299717;1038;6.203302;0.171296
2022-03-15;"2019-W36";1034.008;962.594626239838;1107.10493952228;1037;2.992056;0.08277024
2022-03-15;"2019-W37";1036.875;965.515153115055;1109.9110973404;1015;-21.87508;-0.608069
2022-03-15;"2019-W38";1040.365;969.002666889067;1113.39794140762;1059;18.63452;0.514647
2022-03-15;"2019-W39";1044.438;972.999351775266;1117.54418770385;1055;10.56173;0.2917667
2022-03-15;"2019-W40";1051.903;980.900745637392;1124.54027142662;1036;-15.90332;-0.4439437
2022-03-15;"2019-W41";1056.425;985.229050277876;1129.25780153217;1094;37.57497;1.037362
2022-03-15;"2019-W42";1061.336;989.830362042898;1134.48510896707;1045;-16.336;-0.4528517
2022-03-15;"2019-W43";1066.574;994.635003517463;1140.16832325764;1080;13.42621;0.3682135
2022-03-15;"2019-W44";1072.071;999.570346765087;1146.2444134099;1018;-54.07053;-1.487142
2022-03-15;"2019-W45";1077.754;1004.57573697672;1152.62761483723;1104;26.2463;0.7061937
2022-03-15;"2019-W46";1083.547;1009.58294525478;1159.23397323688;1090;6.452982;0.1722953
2022-03-15;"2019-W47";1089.371;1014.53575141513;1165.96083453418;1117;27.62863;0.7267236
2022-03-15;"2019-W48";1095.146;1019.38142365908;1172.69983603592;1158;62.85404;1.624383
2022-03-15;"2019-W49";1100.789;1024.06370747966;1179.34014597019;1169;68.21055;1.739325
2022-03-15;"2019-W50";1106.221;1028.53881937974;1185.7660159012;1157;50.77875;1.282056
2022-03-15;"2019-W51";1111.363;1032.78111428879;1191.84262827172;1112;0.6371614;0.01601591
2022-03-15;"2019-W52";1116.139;1036.6891185241;1197.52080498267;1104;-12.13909;-0.3024265
2022-03-15;"2020-W01";1120.48;1040.2832883882;1202.63777249226;1178;57.52034;1.405153
2022-03-15;"2020-W02";1124.32;1043.50572749532;1207.11906617274;1197;72.67973;1.758086
2022-03-15;"2020-W03";1127.604;1046.32573157487;1210.88421594749;1118;-9.603973;-0.2337585
2022-03-15;"2020-W04";1130.282;1048.70988987929;1213.86584516289;1083;-47.28226;-1.15317
2022-03-15;"2020-W05";1132.316;1050.62817236491;1216.01763073764;1143;10.68395;0.257966
2022-03-15;"2020-W06";1133.677;1052.06419196095;1217.29739166961;1139;5.323455;0.128747
2022-03-15;"2020-W07";1134.346;1052.97158852437;1217.71492725444;1105;-29.34577;-0.7155647
2022-03-15;"2020-W08";1134.317;1053.35558135345;1217.25253664713;1089;-45.317;-1.113378
2022-03-15;"2020-W09";1133.595;1053.19383469019;1215.94398515743;1074;-59.59491;-1.477701
2022-03-15;"2020-W10";1132.195;1052.47924774005;1213.82751858552;1106;-26.19544;-0.6518716
2022-03-15;"2020-W11";1130.146;1051.22800400338;1210.94560954957;1132;1.854494;0.04641497
2022-03-15;"2020-W12";1127.482;1049.38276791311;1207.42799121803;1197;69.51759;1.741685
2022-03-15;"2020-W13";1124.253;1047.0212179779;1203.29556390725;1168;43.74692;1.11251
2022-03-15;"2020-W14";1120.513;1044.14121556291;1198.66103467542;1214;93.4869;2.387393
2022-03-15;"2020-W15";1116.326;1040.77486852185;1193.62163658892;1201;84.67437;2.18862
2022-03-15;"2020-W16";1111.76;1036.96005480337;1188.27671331728;1137;25.23981;0.6646536
2022-03-15;"2020-W17";1106.891;1032.75160702686;1182.7242121151;1140;33.10867;0.8786484
2022-03-15;"2020-W18";1101.797;1028.21312192619;1177.05700799155;1089;-12.79731;-0.344544
2022-03-15;"2020-W19";1096.559;1023.40920802171;1171.37307156327;1060;-36.55875;-0.9938133
2022-03-15;"2020-W20";1091.257;1018.426325293;1165.74549936705;986;-105.2573;-2.905717
2022-03-15;"2020-W21";1079.092;1010.32780543725;1149.34912636924;1032;-47.09164;-1.364904
2022-03-15;"2020-W22";1073.174;1004.51425201772;1143.33049005203;1020;-53.17394;-1.545033
2022-03-15;"2020-W23";1067.526;998.872584606247;1137.68397556173;1014;-53.52622;-1.555473
2022-03-15;"2020-W24";1062.229;993.506046982294;1132.4672873753;1054;-8.228976;-0.2371599
2022-03-15;"2020-W25";1057.357;988.514411916183;1127.72743160985;997;-60.35669;-1.751026
2022-03-15;"2020-W26";1052.977;983.98968318373;1123.5051956208;1040;-12.97708;-0.3727971
2022-03-15;"2020-W27";1049.15;980.009725457222;1119.8438508844;1058;8.849521;0.2527817
2022-03-15;"2020-W28";1045.929;976.660450898978;1116.76187778695;1012;-33.92934;-0.9739315
2022-03-15;"2020-W29";1043.358;973.988102036109;1114.30081863586;1084;40.64217;1.151121
2022-03-15;"2020-W30";1041.472;972.042611827948;1112.47996032627;1001;-40.47151;-1.160242
2022-03-15;"2020-W31";1040.297;970.862875695784;1111.31173974466;1038;-2.297148;-0.0654374
2022-03-15;"2020-W32";1039.853;970.452425642987;1110.83333482592;1003;-36.85252;-1.056299
2022-03-15;"2020-W33";1040.146;970.823480311102;1111.04423227805;1044;3.853678;0.1098639
2022-03-15;"2020-W34";1041.178;971.976823165165;1111.94772017997;1046;4.821884;0.1376824
2022-03-15;"2020-W35";1042.938;973.876212037668;1113.55924673169;1005;-37.93832;-1.093007
2022-03-15;"2020-W36";1045.408;976.483269582846;1115.8821779818;1065;19.59173;0.5603975
2022-03-15;"2020-W37";1048.56;979.756392029214;1118.90280239734;1037;-11.56028;-0.3328983
2022-03-15;"2020-W38";1052.358;983.627611387944;1122.61859977192;1114;61.64216;1.756961
2022-03-15;"2020-W39";1056.756;988.031720500002;1127.00370179531;1009;-47.75579;-1.385006
2022-03-15;"2020-W40";1063.792;994.982824675545;1134.11807491539;1058;-5.791956;-0.1666525
2022-03-15;"2020-W41";1069.249;1000.24243257564;1139.77331836055;991;-78.24922;-2.271313
2022-03-15;"2020-W42";1075.124;1005.78930139773;1145.98251953344;1058;-17.12382;-0.4898505
2022-03-15;"2020-W43";1081.34;1011.53924823696;1152.67628213811;1159;77.66009;2.175272
2022-03-15;"2020-W44";1087.816;1017.40484804767;1159.78045102956;1047;-40.81562;-1.153915
2022-03-15;"2020-W45";1094.464;1023.29772751198;1167.20759373524;1094;-0.4639454;-0.01289684
2022-03-15;"2020-W46";1101.194;1029.16406197513;1174.83012044214;1163;61.80613;1.681568
2022-03-15;"2020-W47";1107.911;1034.90483253355;1182.55745998904;1161;53.0885;1.426848
2022-03-15;"2020-W48";1114.521;1040.4644309627;1190.25571914065;1160;45.47856;1.206249
2022-03-15;"2020-W49";1120.928;1045.78008362182;1197.79437622229;1167;46.07179;1.204048
2022-03-15;"2020-W50";1127.038;1050.79519397932;1205.04049525175;1175;47.96214;1.235019
2022-03-15;"2020-W51";1132.759;1055.45567485656;1211.86255174117;1338;205.2405;5.101503
2022-03-15;"2020-W52";1138.007;1059.71792704716;1218.13434878883;1285;146.993;3.6356
2022-03-15;"2020-W53";1142.701;1063.53696155842;1223.73723330929;1334;191.2994;4.651845
2022-03-15;"2021-W01";1146.769;1066.87340266288;1228.56505413611;1291;144.2315;3.496833
2022-03-15;"2021-W02";1150.148;1069.6910065481;1232.52678305215;1295;144.8516;3.48712
2022-03-15;"2021-W03";1152.788;1071.96125828138;1235.54990419191;1353;200.2115;4.763293
2022-03-15;"2021-W04";1154.649;1073.65683182579;1237.581149159;1283;128.3511;3.076339
2022-03-15;"2021-W05";1155.703;1074.75419386738;1238.58787322167;1285;129.2974;3.100385
2022-03-15;"2021-W06";1155.936;1075.23619144285;1238.55943863231;1188;32.06437;0.7816306
2022-03-15;"2021-W07";1155.348;1075.08831504723;1237.51112477867;1115;-40.34778;-0.9994372
2022-03-15;"2021-W08";1153.952;1074.30774262115;1235.47258638568;1030;-123.9524;-3.134002
2022-03-15;"2021-W09";1151.776;1072.89270548013;1232.5030704515;1029;-122.7762;-3.134042
2022-03-15;"2021-W10";1148.859;1070.84944964675;1228.67590987386;1116;-32.85863;-0.8367361
2022-03-15;"2021-W11";1145.251;1068.19373864496;1224.07693264284;1020;-125.251;-3.275316
2022-03-15;"2021-W12";1141.015;1064.94684448588;1218.81273350498;1092;-49.01529;-1.28342
2022-03-15;"2021-W13";1136.223;1061.14066325738;1212.99713099192;1030;-106.2232;-2.843262
2022-03-15;"2021-W14";1130.954;1056.81733988539;1206.74748062643;1033;-97.95439;-2.652362
2022-03-15;"2021-W15";1125.295;1052.02889164617;1200.18712890854;1080;-45.29488;-1.231137
2022-03-15;"2021-W16";1119.336;1046.83240045537;1193.44023878165;1115;-4.335623;-0.1183691
2022-03-15;"2021-W17";1113.171;1041.31888331179;1186.60369955419;1064;-49.17079;-1.363842
2022-03-15;"2021-W18";1106.896;1035.55477425985;1179.80419204271;1164;57.10388;1.570044
2022-03-15;"2021-W19";1100.607;1029.64133467227;1173.13205186604;1090;-10.6074;-0.2961383
2022-03-15;"2021-W20";1094.399;1023.67224607234;1166.68352592403;1114.732;20.33344;0.5669189
2022-03-15;"2021-W21";1097.305;1024.42059472969;1171.84033961199;1082;-15.30457;-0.4162134
2022-03-15;"2021-W22";1092.021;1019.22435683463;1166.4727144866;1078;-14.02051;-0.3816679
2022-03-15;"2021-W23";1087.011;1014.2300931381;1161.45405993387;1108;20.98853;0.5683925
2022-03-15;"2021-W24";1082.35;1009.53307058221;1156.83808358586;1058;-24.3501;-0.6636605
2022-03-15;"2021-W25";1078.103;1005.21623402544;1152.67091952462;1055;-23.10303;-0.62892
2022-03-15;"2021-W26";1074.331;1001.36326781794;1148.98972596905;1119;44.66931;1.201984
2022-03-15;"2021-W27";1071.086;998.042810630136;1145.82898251217;1008;-63.08643;-1.724558
2022-03-15;"2021-W28";1068.416;995.316642592602;1143.22215508538;1133;64.58362;1.729335
2022-03-15;"2021-W29";1066.359;993.235851409339;1141.19344565726;1106;39.64136;1.065058
2022-03-15;"2021-W30";1064.944;991.832018167102;1139.7690783917;1117;52.0564;1.396168
2022-03-15;"2021-W31";1064.193;991.128970084634;1138.96908947961;1193;128.8073;3.417961
2022-03-15;"2021-W32";1064.12;991.137879048935;1138.81041742228;1131;66.88037;1.792951
2022-03-15;"2021-W33";1064.729;991.852661813563;1139.30762815772;1100;35.27087;0.951503
2022-03-15;"2021-W34";1066.017;993.258992498763;1140.46960735599;1111;44.98267;1.21373
2022-03-15;"2021-W35";1067.972;995.328495794786;1142.301543342;1104;36.02783;0.975016
2022-03-15;"2021-W36";1070.573;998.021030211052;1144.80252748594;1148;77.42737;2.085163
2022-03-15;"2021-W37";1073.79;1001.28508304118;1147.96513395876;1104;30.21045;0.8199476
2022-03-15;"2021-W38";1077.586;1005.0614898543;1151.77561349349;1110.069;32.48364;0.881147
2022-03-15;"2021-W39";1081.916;1009.28325189907;1156.21204156721;1195.011;113.0955;3.027357
2022-03-15;"2021-W40";1083.248;1011.17776963613;1156.95349792036;1120;36.75195;1.002751
2022-03-15;"2021-W41";1088.998;1016.60328958462;1163.03399270509;1216;127.0018;3.404829
2022-03-15;"2021-W42";1095.094;1022.24318810076;1169.59761541637;1176;80.90576;2.169855
2022-03-15;"2021-W43";1101.456;1028.01454893815;1176.56755136539;1191;89.54358;2.379357
2022-03-15;"2021-W44";1107.999;1033.83678726028;1183.85435205828;1191;83.00061;2.186166
2022-03-15;"2021-W45";1114.634;1039.63284875368;1191.35672162276;1199;84.36584;2.196856
2022-03-15;"2021-W46";1121.269;1045.32992787762;1198.96279860351;1186;64.73132;1.669384
2022-03-15;"2021-W47";1127.809;1050.85744562875;1206.55225594525;1267;139.191;3.505896
2022-03-15;"2021-W48";1134.161;1056.15411713443;1213.99910933652;1272;137.8387;3.425532
2022-03-15;"2021-W49";1140.233;1061.16246753948;1221.17539508144;1329;188.7671;4.59692
2022-03-15;"2021-W50";1145.934;1065.82700310277;1227.95307589883;1315;169.0659;4.074476
2022-03-15;"2021-W51";1151.18;1070.10038763054;1234.20984239778;1343;191.8203;4.553918
2022-03-15;"2021-W52";1155.89;1073.93538684411;1239.82937592748;1360.358;204.4679;4.794653
2022-03-15;"2022-W01";1159.995;1077.29448612322;1244.70969794847;1461.658;301.6631;6.925909
2022-03-15;"2022-W02";1163.43;1080.1388127902;1248.75842919786;1277.238;113.8085;2.657294
2022-03-15;"2022-W03";1166.144;1082.43632197083;1251.9046953888;1252.995;86.85083;2.025127
2022-03-15;"2022-W04";1168.096;1084.16025979205;1254.09256543047;1241.588;73.49158;1.712094
2022-03-15;"2022-W05";1169.259;1085.29005104506;1255.28832221563;1284.029;114.7703;2.657883
2022-03-15;"2022-W06";1169.615;1085.8038013427;1255.4780984495;1361.126;191.511;4.399348
2022-03-15;"2022-W07";1169.164;1085.69256576201;1254.67132589829;1347.467;178.3022;4.119725
2022-03-15;"2022-W08";1167.917;1084.95124779515;1252.89594318476;1342.55;174.6331;4.061597
2022-03-15;"2022-W09";1165.898;1083.57956531701;1250.20146053525;1304.349;138.4513;3.260875
2022-03-15;"2022-W10";1163.143;1081.58450523709;1246.654317343;1312.881;149.7377;3.554439
